20 
20 
20 
20 
20 
20 
20 
20 
20 
20 
20 
20 
20 
20 
20 
21 
21 
21 
21 
21 
21 
21 
21 
21 
21 
21 
21 
21 
21 
21 
21 
21 
22 
22 
22 
22 
22 
22 
22 
22 
22 
22 
22 
22 
22 
22 
22 
22 
22 
22 
22 
22 
22 
22 
22 
22 
22 
24 
24 
24 
24 
24 
24 
24 
24 
24 
24 
24 
24 
24 
24 
24 
24 
24 
24 
24 
24 
24 
24 
24 
24 
25 
25 
25 
25 
25 
25 
25 
25 
25 
25 
25 
25 
25 
25 
25 
25 
25 
25 
25 
25 
25 
25 
25 
25 
25 
25 
25 
25 
27 
27 
27 
27 
27 
27 
27 
27 
27 
27 
27 
27 
27 
28 
28 
28 
28 
28 
28 
28 
28 
28 
28 
28 
28 
28 
28 
28 
28 
28 
28 
28 
28 
28 
28 
28 
28 
28 
28 
28 
28 
29 
29 
29 
29 
29 
29 
29 
29 
34 
34 
34 
34 
34 
34 
34 
34 
34 
34 
34 
34 
34 
34 
34 
34 
34 
34 
34 
34 
34 
34 
34 
34 
34 
34 
34 
34 
34 
36 
36 
36 
36 
36 
36 
36 
36 
36 
36 
36 
36 
36 
36 
36 
36 
36 
36 
36 
36 
36 
36 
36 
36 
36 
36 
36 
36 
36 
36 
36 
36 
36 
36 
36 
36 
36 
36 
36 
36 
36 
36 
36 
36 
36 
36 
37 
37 
37 
37 
37 
37 
37 
37 
37 
37 
37 
37 
37 
37 
37 
37 
37 
37 
37 
37 
37 
37 
37 
37 
37 
37 
37 
37 
37 
37 
37 
37 
37 
37 
37 
37 
37 
37 
37 
37 
37 
37 
38 
38 
38 
38 
38 
38 
38 
38 
38 
38 
38 
38 
38 
38 
38 
38 
38 
38 
38 
38 
38 
38 
38 
38 
38 
38 
38 
38 
38 
38 
38 
38 
38 
38 
38 
38 
38 
38 
38 
38 
38 
38 
38 
38 
38 
38 
901
901
901
901
901
901
901
901
901
901
901
901
901
901
901
901
901
901
901
901
902
902
902
902
902
902
902
902
902
902
902
902
902
902
902
902
902
902
902
902
903
903
903
903
903
903
903
903
903
903
903
903
903
903
903
903
903
903
904
904
904
904
904
904
904
904
904
904
904
904
904
904
904
904
904
904
904
904
